Test, Start_Pos, Nodes_Traversed, Time Elapsed
1, [1,1], 381, 18.948549100000026
2, [2,1], 383, 19.14027690000006
3, [3,1], 384, 18.460739600000096
4, [4,1], 385, 18.472648199999718
5, [5,1], 384, 18.392935900000268
6, [6,1], 383, 18.605319499999737
7, [7,1], 382, 18.68081170000042
8, [8,1], 383, 18.23997180000032
9, [9,1], 384, 18.322369600000172
10, [10,1], 385, 18.358294400000517
11, [11,1], 386, 18.42021699999907
12, [12,1], 387, 18.237426399999634
13, [15,1], 384, 18.82534549999997
14, [16,1], 385, 18.315914299998866
15, [17,1], 386, 18.946069000000932
16, [18,1], 387, 18.545745899998508
17, [19,1], 381, 18.20623010000031
18, [20,1], 380, 18.37176640000007
19, [21,1], 379, 18.91558219999996
20, [22,1], 378, 17.77013559999881
21, [23,1], 379, 18.13054990000046
22, [24,1], 380, 18.764451699999768
23, [25,1], 381, 18.02918699999765
24, [26,1], 382, 18.14854429999832
25, [1,2], 381, 18.01854289999909
26, [6,2], 384, 18.361584199999243
27, [12,2], 388, 18.520603899999628
28, [15,2], 383, 18.199516300000823
29, [21,2], 380, 18.65139170000282
30, [26,2], 386, 18.299474499998382
31, [1,3], 380, 18.228772799999547
32, [6,3], 385, 18.581799799997043
33, [12,3], 387, 18.45959640000069
34, [15,3], 382, 18.298920399997996
35, [21,3], 388, 18.425189900000305
36, [26,3], 385, 18.711273600002528
37, [1,4], 379, 18.014257699998552
38, [6,4], 384, 18.2209061999979
39, [12,4], 386, 18.549993600000903
40, [15,4], 381, 18.11439510000139
41, [21,4], 387, 18.447748900000306
42, [26,4], 384, 18.35621230000072
43, [1,5], 380, 18.200325900001076
44, [2,5], 381, 18.076533900000072
45, [3,5], 388, 18.36145950000082
46, [4,5], 387, 18.70134920000021
47, [5,5], 386, 18.273406799996337
48, [6,5], 385, 18.36949290000007
49, [7,5], 390, 18.64385099999697
50, [8,5], 391, 18.52911380000171
51, [9,5], 403, 19.159434100000567
52, [10,5], 402, 19.191687300002513
53, [11,5], 403, 19.522894100001736
54, [12,5], 387, 18.47287209999547
55, [13,5], 384, 18.42131149999932
56, [14,5], 383, 18.380407100002913
57, [15,5], 382, 18.098737999999003
58, [16,5], 386, 18.48593190000929
59, [17,5], 385, 18.447665800007826
60, [18,5], 384, 18.1601259999959
61, [19,5], 390, 18.457154100000935
62, [20,5], 389, 18.31180220000192
63, [21,5], 388, 18.706403700000237
64, [22,5], 389, 18.72378000000208
65, [23,5], 390, 18.521419500002594
66, [24,5], 391, 18.678793099999666
67, [25,5], 386, 18.447471399997767
68, [26,5], 385, 18.424535199992988
69, [1,6], 381, 18.16651590000197
70, [6,6], 388, 18.83006720000276
71, [9,6], 404, 19.127677699998458
72, [18,6], 385, 18.388676800003623
73, [21,6], 384, 18.50012630000174
74, [26,6], 386, 18.212081500005752
75, [1,7], 382, 18.094363300002897
76, [6,7], 389, 18.816876999990882
77, [9,7], 394, 18.827384699995946
78, [18,7], 386, 18.283523699997886
79, [21,7], 383, 18.74651359999575
80, [26,7], 387, 18.377243500000304
81, [1,8], 383, 18.47190579999392
82, [2,8], 393, 18.735811199997897
83, [3,8], 399, 19.166367899997795
84, [4,8], 398, 19.318631299991694
85, [5,8], 391, 18.647296300004427
86, [6,8], 390, 18.926563000004307
87, [9,8], 392, 18.536248300008538
88, [10,8], 389, 18.459271899996338
89, [11,8], 390, 18.59350150000364
90, [12,8], 391, 19.036302099999148
91, [15,8], 400, 19.941187899999477
92, [16,8], 401, 19.495710899997903
93, [17,8], 402, 19.558953799996516
94, [18,8], 387, 18.34847939999645
95, [21,8], 384, 18.28686699999662
96, [22,8], 381, 19.15798200000677
97, [23,8], 382, 19.135010900000225
98, [24,8], 383, 18.356237100002318
99, [25,8], 384, 18.356750299995838
100, [26,8], 388, 18.50480979999793
101, [6,9], 386, 18.511134599994648
102, [12,9], 388, 18.424632200000815
103, [15,9], 399, 19.526509300002544
104, [21,9], 385, 18.53615309999782
105, [6,10], 387, 18.71390510000856
106, [12,10], 387, 18.44463049999922
107, [15,10], 398, 18.95888140000102
108, [21,10], 386, 18.3039542000015
109, [6,11], 388, 18.667112800000268
110, [9,11], 391, 19.012817900000528
111, [10,11], 390, 18.62775029999557
112, [11,11], 389, 18.585921499990036
113, [12,11], 388, 18.89591150000797
114, [13,11], 401, 19.078662100006113
115, [14,11], 400, 19.29938270000548
116, [15,11], 399, 19.80026149999685
117, [16,11], 382, 18.386434299991834
118, [17,11], 383, 18.287136900012683
119, [18,11], 384, 18.32881959999486
120, [21,11], 388, 18.649099099991417
121, [6,12], 389, 18.602065000003222
122, [9,12], 390, 18.73162479999246
123, [18,12], 390, 19.042474000003494
124, [21,12], 387, 18.349234200002684
125, [6,13], 390, 19.128145100001802
126, [9,13], 389, 19.125450500010174
127, [18,13], 389, 18.567569900005765
128, [21,13], 386, 18.46263430000181
129, [6,14], 391, 18.875997000000098
130, [7,14], 388, 19.626525900006527
131, [8,14], 389, 18.575230300004478
132, [9,14], 390, 18.486426299994037
133, [18,14], 390, 18.512401700000282
134, [19,14], 381, 18.3198092000016
135, [20,14], 382, 18.196876200000133
136, [21,14], 387, 18.453645600011896
137, [6,15], 392, 18.617940299995553
138, [9,15], 391, 18.613977500007422
139, [18,15], 395, 18.76740909999944
140, [21,15], 388, 18.46145759999945
141, [6,16], 395, 18.805162000001474
142, [9,16], 388, 18.428746800009776
143, [18,16], 394, 19.017584000012448
144, [21,16], 381, 18.061430800000835
145, [6,17], 394, 18.811946200004968
146, [9,17], 389, 18.48884460000363
147, [10,17], 386, 18.790655900008005
148, [11,17], 405, 19.09118859998989
149, [12,17], 418, 20.02499919998263
150, [13,17], 417, 21.11500029998888
151, [14,17], 416, 20.077068399999916
152, [15,17], 415, 19.954431600006956
153, [16,17], 414, 20.08008650001193
154, [17,17], 396, 18.817479999987427
155, [18,17], 395, 18.782267199995204
156, [21,17], 380, 18.50475499999402
157, [6,18], 393, 18.674543599984645
158, [9,18], 394, 18.792511900001955
159, [18,18], 411, 19.76831129998709
160, [21,18], 379, 18.31904819998954
161, [6,19], 392, 18.826619999998
162, [9,19], 393, 18.7602184999987
163, [18,19], 410, 19.801650300002166
164, [21,19], 378, 17.976768600005926
165, [1,20], 398, 19.153706000007332
166, [2,20], 397, 18.993589099999554
167, [3,20], 396, 18.947169300003225
168, [4,20], 395, 18.87677230000554
169, [5,20], 394, 18.995746100023098
170, [6,20], 393, 18.592748400000346
171, [7,20], 390, 18.763478900008522
172, [8,20], 391, 18.74532790000103
173, [9,20], 394, 18.965015800019046
174, [10,20], 391, 18.771245500004625
175, [11,20], 392, 18.950176399995144
176, [12,20], 389, 19.67039749999094
177, [15,20], 395, 19.203745499994056
178, [16,20], 413, 20.023767900000166
179, [17,20], 412, 20.191031100001965
180, [18,20], 411, 20.0787357000022
181, [19,20], 386, 18.48685339998974
182, [20,20], 387, 18.634336200000234
183, [21,20], 379, 18.322970400001395
184, [22,20], 411, 20.15472419999014
185, [23,20], 381, 18.178592299995216
186, [24,20], 382, 18.36269680000123
187, [25,20], 383, 18.227782099996602
188, [26,20], 384, 18.40236999999115
189, [1,21], 399, 19.433229799977198
190, [6,21], 394, 18.863513600013903
191, [12,21], 396, 18.934235899986106
192, [15,21], 394, 19.058178199996746
193, [21,21], 378, 18.037416300002405
194, [26,21], 377, 17.982542800011288
195, [1,22], 398, 18.97403610001038
196, [6,22], 395, 19.124569899999187
197, [12,22], 395, 18.790842900004918
198, [15,22], 393, 19.759432700011075
199, [21,22], 377, 18.5176226000076
200, [26,22], 376, 18.26512739999498
201, [1,23], 397, 18.87142169999879
202, [2,23], 398, 19.532314699988547
203, [3,23], 397, 19.240692799997305
204, [6,23], 396, 19.339211000009982
205, [7,23], 397, 18.935040300005767
206, [8,23], 398, 18.846721099991555
207, [9,23], 407, 19.295250799995756
208, [10,23], 406, 19.335443099997974
209, [11,23], 407, 19.600960200010377
210, [12,23], 396, 18.98666959999855
211, [13,23], 385, 18.21269180000354
212, [14,23], 386, 18.27061510000749
213, [15,23], 394, 18.65635490000477
214, [16,23], 392, 18.57439270000623
215, [17,23], 391, 18.678581000006943
216, [18,23], 390, 19.07283810000399
217, [19,23], 389, 18.448293299989473
218, [20,23], 390, 18.452527699991606
219, [21,23], 378, 18.40534720000096
220, [24,23], 373, 17.715431900015574
221, [25,23], 374, 17.773334200024692
222, [26,23], 375, 18.282327800011444
223, [3,24], 394, 19.021134099993105
224, [6,24], 397, 18.94302519998655
225, [9,24], 408, 19.752695399993172
226, [18,24], 391, 20.26787170001262
227, [21,24], 379, 19.21063549999417
228, [24,24], 372, 19.623267899989514
229, [3,25], 393, 20.903481700004704
230, [6,25], 398, 21.04014939998615
231, [9,25], 401, 19.823609700006273
232, [18,25], 392, 19.261256700019658
233, [21,25], 393, 19.421209899999667
234, [24,25], 371, 18.363381000009213
235, [1,26], 396, 19.047948100018402
236, [2,26], 395, 18.850260699983664
237, [3,26], 394, 19.315506000012647
238, [4,26], 393, 18.897183200012478
239, [5,26], 400, 20.236125899992658
240, [6,26], 399, 19.518708600004175
241, [9,26], 402, 19.557289700014735
242, [10,26], 399, 19.55944680000175
243, [11,26], 400, 19.816804000018237
244, [12,26], 401, 19.8710349999983
245, [15,26], 409, 19.951582099973166
246, [16,26], 410, 22.738849699996535
247, [17,26], 411, 20.10533750000286
248, [18,26], 393, 19.0915105999984
249, [21,26], 394, 19.799362699991434
250, [22,26], 382, 18.312381599980654
251, [23,26], 373, 17.874757600011435
252, [24,26], 372, 18.26873539999997
253, [25,26], 373, 18.593866800008982
254, [26,26], 374, 17.947296300018934
255, [1,27], 397, 19.39189220001026
256, [12,27], 412, 19.984621300015533
257, [15,27], 408, 20.112091499996495
258, [26,27], 375, 18.95537030002015
259, [1,28], 398, 19.01058729998931
260, [12,28], 411, 19.943958099996053
261, [15,28], 407, 19.89433739996184
262, [26,28], 376, 18.220974900025794
263, [1,29], 399, 19.064199900008134
264, [2,29], 422, 20.260305500009054
265, [3,29], 421, 20.27295490002507
266, [4,29], 420, 20.26383300001362
267, [5,29], 419, 20.43992859995251
268, [6,29], 418, 20.11361459996806
269, [7,29], 417, 19.98773200002779
270, [8,29], 416, 20.11600589999034
271, [9,29], 415, 20.2545035000021
272, [10,29], 414, 20.837313199974233
273, [11,29], 413, 20.541470899981505
274, [12,29], 412, 19.86092590000044
275, [14,29], 409, 19.935273699977188
276, [15,29], 408, 19.942925199989986
277, [16,29], 397, 19.135504000005312
278, [17,29], 398, 19.259120500008066
279, [18,29], 399, 19.172148100014056
280, [19,29], 400, 19.749502799994843
281, [20,29], 401, 19.357038300017848
282, [21,29], 402, 19.467905499963308
283, [22,29], 403, 19.463166999976238
284, [23,29], 404, 19.69082420000086
285, [24,29], 405, 19.5842293000087
286, [25,29], 406, 20.504255699991518
287, [26,29], 407, 20.152025899971704
288, [13,29], 410, 20.273758099997394